2,66
2,65
2,64
2,35
2,32
2,31
2,30
2,28
2,27
2,26
2,25
2,23
2,22
2,15
2,13
2,10
2,8
2,7
2,4
2,3
2,2
2,1
2,0
1,6
1,4
1,3
1,2
1,1
1,0
0,575
0,568
0,565
0,562
0,561
0,560
0,559
0,558
0,553
0,548
0,541
0,540
0,539
0,530
0,528
0,523
0,522
0,519
0,518
0,517
0,447
0,446
0,445
0,443
0,442
0,440
0,439
0,436
0,420
0,419
0,418
0,408
0,406
0,405
0,399
0,394
0,390
0,388
0,386
0,379
0,378
0,377
0,376
0,375
0,374
0,373
0,372
0,369
0,365
0,363
0,359
0,358
0,352
0,350
0,346
0,343
0,340
0,336
0,334
0,330
0,329
0,322
0,321
0,320
0,315
0,243
0,9
0,0
0,310
0,305
0,339
0,332
0,382
0,370
0,344
0,341
0,337
0,335
0,331
0,404
0,425
0,556
0,552
0,308
0,538
0,304
0,555
0,303
0,302
0,307
0,516
0,12
0,438
0,10
0,413
0,8
0,300
0,324
0,299
0,573
0,298
0,566
0,297
0,572
0,296
0,313
0,295
0,351
0,294
0,437
0,293
0,550
0,292
0,410
0,291
0,342
0,290
0,429
0,289
0,301
0,288
0,287
0,381
0,286
0,426
0,285
0,415
0,284
0,393
0,283
0,338
0,282
0,371
0,281
0,422
0,280
0,421
0,279
0,318
0,278
0,326
0,277
0,551
0,276
2,67
2,68
2,71
2,72
2,75
2,77
2,80
2,83
2,86
2,94
2,97
2,100
2,103
2,105
2,113
2,118
5,1
6,1
7,1
8,3
8,1
10,3
10,5
11,1
15,3
15,7
16,1
17,3
21,1
22,3
23,3
24,1
24,4
25,1
25,3
26,1
26,4
27,3
27,4
28,3
28,4
29,3
29,4
30,3
31,3
32,1
32,3
33,3
34,1
35,3
35,4
36,3
37,1
39,1
39,3
4,3
40,1
41,3
41,4
42,3
43,3
43,1
44,3
45,1
46,3
47,3
47,1
48,3
48,1
49,3
49,1
50,3
50,4
51,3
56,2
56,3
59,0
59,3
59,4
60,1
61,3
61,4
62,3
62,4
64,1
64,4
66,1
66,3
66,5
66,7
66,8
66,11
66,12
66,14
66,17
66,18
69,5
69,1
78,1
78,3
78,5
109,2
109,3
109,4
109,5
122,1
126,7
129,3
138,1
138,2
138,4
138,5
138,9
138,12
138,13
142,1
142,3
142,5
187,3
187,4
187,6
188,1
220,2
220,3
220,4
220,6
220,7
227,3
227,4
229,3
229,5
233,2
233,1
233,4
234,3
234,1
240,3
240,1
244,1
244,3
244,4
244,6
248,3
255,1
256,3
264,3
268,1
271,3
271,4
276,3
276,1
278,5
279,1
287,4
290,14
292,1
297,1
297,3
298,1
300,3
303,1
305,1
306,1
309,3
309,1
313,1
316,3
316,4
318,3
318,1
319,1
319,5
319,6
319,9
319,11
319,13
319,14
320,1
321,3
324,1
327,1
327,3
328,3
329,3
330,1
333,1
333,3
333,7
334,4
336,1
336,4
336,5
343,2
343,3
343,5
343,7
348,1
351,1
351,3
371,3
372,1
372,3
373,3
373,4
374,1
374,3
382,3
382,10
383,1
384,1
384,3
388,3
392,3
393,1
393,4
393,5
393,7
400,1
400,4
403,3
411,1
411,4
411,5
411,7
411,9
411,10
431,3
436,1
439,1
439,3
443,3
444,3
445,1
445,5
445,8
450,1
460,1
460,3
466,3
467,1
482,1
486,1
486,3
487,3
488,1
496,1
496,3
498,3
502,3
503,1
504,3
504,5
508,3
510,3
512,1
514,1
514,3
525,15
528,1
529,1
529,3
529,4
529,6
529,7
529,9
530,2
530,3
530,5
530,6
536,1
536,3
537,1
537,3
537,6
538,0
538,1
538,3
539,1
539,3
541,1
541,3
542,3
542,5
542,6
542,8
542,9
543,3
543,5
544,1
545,1
545,3
548,3
551,1
552,1
553,0
553,1
553,3
553,4
553,6
553,7
553,9
553,11
553,12
553,14
553,15
553,17
553,19
553,20
554,1
554,2
554,4
554,5
555,1
555,3
555,4
556,3
556,4
557,3
558,1
558,3
559,1
559,3
560,1
561,1
561,3
562,3
565,1
565,4
566,1
566,4
568,3
568,4
571,3
571,4
572,3
574,1
574,3
575,3
576,1
577,1
577,3
578,1
578,4
579,1
579,4
580,1
580,4
584,0
584,1
584,7
586,2
586,4
589,0
589,4
590,2
590,3
591,3
591,4
592,3
594,1
594,3
594,5
596,1
596,4
596,5
596,7
596,9
596,11
596,13
596,14
596,17
599,0
599,1
599,4
599,5
604,1
604,4
604,6
604,9
608,1
608,3
608,4
608,6
639,2
639,3
639,5
649,1
649,7
652,1
652,3
656,2
656,3
656,5
656,6
659,1
659,4
659,5
668,1
668,2
668,4
668,6
668,7
668,9
668,10
668,12
672,1
672,3
672,5
672,6
717,3
717,4
717,6
718,1
718,3
750,2
750,3
750,5
750,7
757,1
757,4
759,1
759,4
759,5
763,2
763,4
763,5
764,3
770,1
770,4
774,3
774,4
774,8
778,1
778,7
778,8
785,3
794,3
798,1
801,1
801,3
801,5
806,3
808,1
808,5
817,1
817,4
817,7
820,14
822,3
827,1
827,7
830,1
833,1
833,4
835,1
839,1
839,3
842,7
846,0
846,3
846,6
848,1
848,3
849,0
849,2
849,4
849,5
849,8
849,9
849,11
849,14
850,1
850,3
850,4
851,1
851,2
851,4
854,1
854,2
857,1
857,3
858,0
858,3
858,4
859,3
860,0
860,2
860,3
863,3
863,6
863,7
864,2
864,4
866,2
866,4
866,5
873,3
873,4
873,7
878,1
878,3
878,6
878,7
881,2
881,3
901,0
901,3
901,4
902,3
903,0
903,2
903,5
903,6
903,10
903,11
904,2
904,3
904,5
912,1
912,3
912,6
912,7
912,9
913,0
913,1
913,3
913,4
913,6
913,7
914,0
914,2
914,3
914,5
914,6
914,8
918,1
918,2
918,4
918,5
922,1
922,2
922,4
923,0
923,1
923,3
923,4
923,6
930,0
930,1
930,3
930,4
930,6
930,7
933,0
933,2
933,3
941,0
941,1
941,3
941,5
941,6
941,8
941,9
961,0
961,2
961,3
961,5
961,6
961,8
961,9
966,1
966,3
966,4
966,6
966,7
969,1
969,3
969,4
973,1
973,2
973,4
973,5
974,0
974,2
974,3
975,0
975,1
975,3
975,5
975,6
975,8
975,9
975,11
975,12
975,15
980,1
980,2
980,4
980,5
980,7
990,1
990,2
990,4
990,5
990,7
990,9
990,10
990,12
996,0
996,2
996,3
996,5
996,7
996,8
997,1
997,2
997,4
997,6
997,7
997,9
997,10
997,12
1012,0
1012,2
1012,4
1012,5
1012,7
1012,8
1016,1
1016,3
1016,4
1016,6
1017,0
1017,2
1017,3
1018,1
1018,3
1026,0
1026,2
1026,3
1026,5
1026,7
1026,8
1026,10
1026,11
1028,0
1028,2
1028,3
1032,0
1032,1
1032,3
1032,4
1032,6
1033,1
1033,2
1034,0
1034,1
1034,3
1034,5
1038,0
1038,2
1038,3
1038,5
1038,6
1038,8
1040,1
1040,2
1040,4
1042,0
1042,2
1042,4
1042,5
1044,0
1044,1
1044,3
1044,4
1044,6
1055,1
1055,2
1055,4
1055,5
1055,7
1055,9
1055,10
1055,12
1055,13
1055,15
1058,0
1058,2
1058,4
1058,5
1059,1
1059,2
1059,4
1059,6
1059,7
1059,9
1060,0
1060,2
1060,4
1060,5
1060,7
1063,0
1063,2
1063,3
1063,5
1063,7
1063,8
1063,10
1063,11
1064,0
1064,2
1064,3
1065,0
1065,1
1065,3
1065,4
1067,1
1067,3
1067,4
1067,6
1067,7
1067,9
1068,0
1068,1
1068,3
1068,4
1068,6
1068,7
1068,9
1069,1
1069,2
1069,4
1069,5
1069,7
1069,9
1069,10
1070,0
1070,1
1070,3
1071,0
1071,1
1071,3
1071,4
1071,6
1071,7
1071,9
1071,11
1074,0
1074,2
1074,3
1074,5
1077,1
1077,2
1077,4
1077,5
1078,1
1078,2
1079,0
1079,2
1079,3
1079,5
1079,6
1079,8
1079,10
1079,11
1079,13
1079,14
1079,16
1079,17
1079,19
1081,0
1081,1
1081,3
1081,4
1081,6
1081,8
1081,9
1081,11
1081,12
1082,0
1082,1
1082,3
1082,5
1082,6
1082,8
1082,9
1082,11
1082,13
1082,14
1082,16
1082,17
1082,19
1082,21
1082,22
1082,24
1082,25
1082,27
1082,28
1082,30
1082,32
1082,33
1082,35
1082,36
1082,38
1082,40
1082,41
1082,43
1082,44
1082,46
1082,47
1082,49
1082,52
1082,64
1082,66
1082,67
1082,69
1082,71
1082,72
1082,74
1082,75
1082,77
1082,78
1082,80
1082,82
1082,83
1082,85
1082,86
1082,88
1082,90
1082,91
1082,93
1082,94
1082,96
1082,98
1082,99
1082,101
1083,0
1083,2
1083,3
1083,5
1083,7
1083,8
1083,10
1083,11
1083,13
1083,15
1083,16
1083,19
1084,0
1084,2
1084,3
1084,5
1084,7
1084,8
1084,10
1084,11
1084,14
1085,1
1085,2
1085,4
1085,5
1085,7
1085,8
1085,10
1085,12
1085,13
1085,15
1085,16
1085,18
1085,20
1085,21
1085,23
1085,24
1085,26
1085,27
1085,29
1085,31
1085,32
1085,34
1085,35
1085,37
1085,39
1085,40
1085,42
1085,43
1085,45
1085,47
1085,48
1085,50
1085,51
1085,64
1085,65
1085,67
1085,69
1085,70
1085,72
1085,73
1085,75
1085,77
1085,78
1085,80
1085,81
1085,83
1085,84
1085,86
1085,88
1085,89
1085,91
1085,92
1085,94
1085,96
1085,97
1085,99
1085,100
1085,102
1085,103
1085,105
1085,107
1085,108
1085,110
1085,111
1085,113
1085,115
1085,116
1085,118
1085,119
1086,0
1086,2
1086,3
1086,5
1086,6
1086,8
1086,9
1086,11
1086,13
1086,14
1086,16
1086,17
1087,0
1087,2
1087,3
1093,1
1093,2
1093,4
1093,5
1093,7
1096,0
1096,1
1096,3
1096,4
1097,0
1097,2
1097,3
1098,1
1098,2
1104,0
1104,1
1104,3
1104,5
1104,6
1104,8
1107,0
1107,2
1107,4
1107,5
1108,1
1108,2
1109,0
1109,2
1109,3
1110,1
1110,2
1111,0
1111,1
1111,3
1117,1
1117,2
1117,4
1117,5
1118,1
1118,3
1118,5
1121,1
1121,2
1121,4
1121,5
1122,1
1122,3
1122,4
1122,6
1123,0
1123,2
1124,0
1124,1
1124,3
1125,0
1125,2
1125,3
1131,1
1131,3
1131,4
1132,0
1132,1
1132,3
1135,0
1135,1
1135,3
1135,4
1136,0
1136,1
1136,3
1136,5
1136,6
21,3
1136,4
1136,2
1135,5
1135,2
1132,5
1132,2
1131,5
1131,2
1131,0
1125,1
1124,2
1123,3
1123,1
1122,5
1122,2
1122,0
1121,3
1121,0
1118,2
1118,0
1117,3
1117,0
1111,2
1110,3
1110,0
1109,1
1108,3
1108,0
1107,3
1107,1
1104,7
1104,4
1104,2
1098,3
1098,0
1097,1
1096,5
1096,2
1093,8
1093,6
1093,3
1093,0
1087,1
1086,19
1086,15
1086,12
1086,10
1086,7
1086,4
1086,1
1085,121
1085,117
1085,114
1085,112
1085,109
1085,106
1085,104
1085,101
1085,98
1085,95
1085,93
1085,90
1085,87
1085,85
1085,82
1085,79
1085,76
1085,74
1085,71
1085,68
1085,66
1085,52
1085,49
1085,46
1085,44
1085,41
1085,38
1085,36
1085,33
1085,30
1085,28
1085,25
1085,22
1085,19
1085,17
1085,14
1085,11
1085,9
1085,6
1085,3
1085,0
1084,12
1084,9
1084,6
1084,4
1084,1
1083,17
1083,14
1083,12
1083,9
1083,6
1083,4
1083,1
1082,100
1082,97
1082,95
1082,92
1082,89
1082,87
1082,84
1082,81
1082,79
1082,76
1082,73
1082,70
1082,68
1082,65
1082,50
1082,48
1082,45
1082,42
1082,39
1082,37
1082,34
1082,31
1082,29
1082,26
1082,23
1082,20
1082,18
1082,15
1082,12
1082,10
1082,7
1082,4
1082,2
1081,14
1081,10
1081,7
1081,5
1081,2
1079,20
1079,18
1079,15
1079,12
1079,9
1079,7
1079,4
1079,1
1078,3
1078,0
1077,3
1077,0
1074,4
1074,1
1071,10
1071,8
1071,5
1071,2
1070,4
1070,2
1069,11
1069,8
1069,6
1069,3
1069,0
1068,8
1068,5
1068,2
1067,10
1067,8
1067,5
1067,2
1067,0
1065,2
1064,4
1064,1
1063,12
1063,9
1063,6
1063,4
1063,1
1060,6
1060,3
1060,1
1059,8
1059,5
1059,3
1059,0
1058,3
1058,1
1055,14
1055,11
1055,8
1055,6
1055,3
1055,0
1044,5
1044,2
1042,6
1042,3
1042,1
1040,3
1040,0
1038,7
1038,4
1038,1
1034,4
1034,2
1033,3
1033,0
1032,5
1032,2
1028,4
1028,1
1026,12
1026,9
1026,6
1026,4
1026,1
1018,2
1018,0
1017,1
1016,5
1016,2
1016,0
1012,6
1012,3
1012,1
997,11
997,8
997,5
997,3
997,0
996,6
996,4
996,1
990,11
990,8
990,6
990,3
990,0
980,6
980,3
980,0
975,13
975,10
975,7
975,4
975,2
974,4
974,1
973,6
973,3
973,0
969,2
969,0
966,5
966,2
966,0
961,7
961,4
961,1
941,10
941,7
941,4
941,2
933,4
933,1
930,8
930,5
930,2
923,7
923,5
923,2
922,5
922,3
922,0
918,3
918,0
914,7
914,4
914,1
913,8
913,5
913,2
912,10
912,8
912,4
912,0
904,4
904,1
903,8
903,3
903,1
902,1
901,1
881,4
881,1
878,4
878,2
873,6
873,1
866,3
866,1
864,1
863,4
863,1
860,1
859,1
858,1
857,4
854,3
854,0
851,3
851,0
850,2
849,13
849,10
849,6
849,3
849,1
848,2
846,4
846,1
842,3
835,3
833,3
830,3
827,3
822,1
820,3
817,3
808,3
806,1
801,4
798,3
794,1
785,1
778,3
774,7
774,1
770,3
764,1
763,3
763,1
759,3
757,3
750,6
750,4
750,1
717,8
717,5
717,1
672,4
672,2
668,11
668,8
668,5
668,3
668,0
659,3
656,7
656,4
656,1
649,9
649,3
639,4
639,1
608,5
608,2
604,7
604,3
599,7
599,3
596,18
596,16
596,12
596,8
596,6
596,3
594,4
592,4
592,1
591,1
590,1
589,3
586,3
584,3
581,3
580,3
579,3
578,3
577,4
576,3
575,1
572,4
572,1
571,1
568,1
566,3
565,3
562,1
560,3
559,4
558,4
557,4
557,1
556,1
555,2
554,6
554,3
554,0
553,18
553,16
553,13
553,10
553,8
553,5
553,2
552,3
551,3
548,1
544,3
543,11
543,1
542,7
542,4
542,1
539,4
538,4
538,2
537,12
537,2
537,0
530,7
530,4
530,1
529,8
529,5
529,2
528,3
525,3
512,3
510,1
508,1
503,3
502,1
498,1
488,3
487,1
482,3
467,3
466,1
450,3
445,15
445,3
444,1
443,1
436,3
431,1
411,8
411,6
411,3
403,1
400,3
393,6
393,3
392,1
388,1
383,3
382,5
382,1
373,6
373,1
371,4
371,1
348,3
343,6
343,4
343,1
336,3
334,3
333,5
330,3
329,1
328,1
324,3
321,1
320,3
319,12
319,8
319,3
319,0
316,6
316,1
312,3
306,3
303,4
300,1
298,3
293,1
287,7
287,1
278,1
271,5
271,1
264,1
256,1
244,8
244,5
244,2
240,4
239,3
233,5
233,3
229,4
229,1
227,1
220,5
220,1
188,3
187,1
142,6
142,4
138,15
138,10
138,7
138,3
129,1
126,3
119,9
109,1
78,6
78,4
74,3
69,3
66,16
66,13
66,9
66,6
66,4
64,5
64,3
62,1
61,1
60,3
59,1
58,1
54,3
50,1
49,4
48,4
47,4
46,1
45,3
44,1
42,4
42,1
41,1
40,3
38,1
36,1
35,1
34,3
33,1
31,1
30,1
29,1
28,1
27,1
26,3
25,4
24,6
23,1
22,5
17,1
16,3
12,1
11,3
10,1
7,3
6,3
4,1
2,108
2,102
2,99
2,90
2,81
2,79
2,74
2,69
0,345
0,275
0,549
0,274
0,327
0,273
0,333
0,272
0,435
0,271
0,407
0,270
0,569
0,269
0,547
0,268
0,384
0,267
0,428
0,266
0,544
0,265
0,414
0,264
0,563
0,263
0,387
0,262
0,306
0,261
0,389
0,260
0,542
0,259
0,403
0,258
0,515
0,257
0,392
0,256
0,402
0,255
0,567
0,254
0,564
0,253
0,543
0,252
0,570
0,251
0,557
0,250
0,249
0,529
0,248
0,247
0,532
0,246
0,354
0,245
0,385
0,244
0,531
0,242
0,535
0,241
0,383
0,240
0,409
0,239
0,238
0,520
0,237
0,554
0,236
0,235
0,512
0,234
0,319
0,233
0,401
0,232
0,323
0,231
0,367
0,230
0,395
0,229
0,545
0,228
0,431
0,227
0,444
0,226
0,513
0,225
0,224
0,441
0,223
0,430
0,222
0,364
0,221
0,316
0,220
0,416
0,219
0,218
0,362
0,217
0,571
0,216
0,309
0,215
0,546
0,214
0,412
0,213
0,434
0,212
0,357
0,211
0,521
0,210
0,537
0,209
0,411
0,208
0,353
0,207
0,311
0,206
0,380
0,205
0,398
0,204
0,356
0,203
0,368
0,202
0,400
0,201
0,396
0,200
0,328
0,199
0,366
0,198
0,533
0,197
0,536
0,196
0,361
0,195
0,526
0,194
0,391
0,193
0,424
0,192
0,525
0,63
0,524
0,62
0,317
0,61
0,514
0,60
0,433
0,59
0,349
0,58
0,432
0,57
0,534
0,56
0,314
0,55
0,348
0,54
0,427
0,53
0,423
0,52
0,417
0,51
0,360
0,50
0,312
0,49
0,397
0,48
0,355
0,47
0,347
0,46
0,574
0,45
0,527
0,6
0,5
0,1
0,325
0,11
0,4
0,2
0,3
0,7
